Model,female_dim3_3,female_dim3_5,female_dim4_3,male_dim3_3,male_dim3_5,male_dim4_3,diet_dim3_3,diet_dim3_5,diet_dim4_3
female_dim3_3,6.584,7.16,7.27,6.876,7.494,6.909,6.594,6.908,6.864
female_dim3_5,7.16,8.16,8.099,8.617,8.634,7.413,6.932,7.653,8.181
female_dim4_3,7.27,8.099,7.47,7.667,7.701,8.132,6.73,7.596,8.893
male_dim3_3,6.876,8.617,7.667,8.002,7.403,8.176,6.433,7.112,7.002
male_dim3_5,7.494,8.634,7.701,7.403,8.292,9.871,6.884,8.066,8.911
male_dim4_3,6.909,7.413,8.132,8.176,9.871,8.061,6.906,9.168,8.008
diet_dim3_3,6.594,6.932,6.73,6.433,6.884,6.906,6.856,7.273,6.914
diet_dim3_5,6.908,7.653,7.596,7.112,8.066,9.168,7.273,8.485,7.354
diet_dim4_3,6.864,8.181,8.893,7.002,8.911,8.008,6.914,7.354,7.087
