Model,female_dim3_3,female_dim3_5,female_dim4_3,male_dim3_3,male_dim3_5,male_dim4_3,diet_dim3_3,diet_dim3_5,diet_dim4_3
female_dim3_3,0.0,0.09,0.671,0.096,0.089,0.671,0.649,0.649,1.0
female_dim3_5,0.09,0.0,0.568,0.11,0.101,0.568,0.658,0.658,1.0
female_dim4_3,0.671,0.568,0.0,0.55,0.545,0.278,1.0,1.0,0.421
male_dim3_3,0.096,0.11,0.55,0.0,0.077,0.544,0.659,0.658,1.0
male_dim3_5,0.089,0.101,0.545,0.077,0.0,0.544,0.612,0.612,1.0
male_dim4_3,0.671,0.568,0.278,0.544,0.544,0.0,1.0,1.0,0.7
diet_dim3_3,0.649,0.658,1.0,0.659,0.612,1.0,0.0,0.001,1.0
diet_dim3_5,0.649,0.658,1.0,0.658,0.612,1.0,0.001,0.0,1.0
diet_dim4_3,1.0,1.0,0.421,1.0,1.0,0.7,1.0,1.0,0.0
